0.6146244187910854
0.6048621131954465
0.5836425919759253
0.6407230115563449
0.583142937309604
0.6773448773448774
0.6157069782069782
0.6058120891454225
0.66497113997114
0.66080015663349
0.6476190476190476
0.5702337785671119
0.601242584575918
0.6715608465608466
0.5852419185752519
0.6256058756058755
0.6682502682502682
0.6652417027417027
0.6958814333814334
0.6577197493864161
0.6060525893859228
0.6487373737373737
0.6450416867083534
0.6494929453262787
0.6313011063011063
0.6410754369087702
0.6693602693602694
0.6374899791566458
0.5916947250280583
0.617846813680147
0.6263768638768639
0.6208453583453584
0.6060926727593394
0.6168430335097002
0.6704906204906205
0.6548821548821548
0.6670414462081129
0.6329742788076121
0.6460578002244669
0.6811564978231645
0.6313185271518604
0.725130579297246
0.6527477152477152
0.6855917230917231
0.5751419876419877
0.6788002121335455
0.6488739655406321
0.6248035914702581
0.6109584859584859
0.5825439992106659
0.6069704986371653
0.5865302906969574
0.6662851037851037
0.6269182977516311
0.6307823349490016
0.6257037715371049
0.5766270766270766
0.6245587745587745
0.6506710881710882
0.5646103896103896
0.6133884633884634
0.6588850963850964
0.6484196359196359
